34000634482	100	0,051	14jun18-08351-a
34000634492	16	0,068	14jun18-08351-a
34000634256	24	0,278	14jun18-08351-a
34000634318	30	0,084	14jun18-08351-a
34000634488	8	3,642	14jun18-08351-a
34000634442	100	1,05	14jun18-08351-a
34000634351	5	0,015	14jun18-08351-a
34000634254	30	0,21	14jun18-08351-a
34000634295	15	0,065	14jun18-08351-a
34000634293	30	0,025	14jun18-08351-a
34000634285	30	0,108	14jun18-08351-a
34000634446	3	0,032	14jun18-08351-a
34000634343	80	1,12	14jun18-08351-a
34000634583	40	0,17	14jun18-08351-a
34000634637	40	0	14jun18-08351-a
34000634476	60	0,505	14jun18-08351-a
34000634349	50	0,35	14jun18-08351-a
34000634368	24	0,228	14jun18-08351-a
xxxxxxxxxxxxxxxxxxxxxx
